6,12,0.09174179697951768
6,8,0.6788479552604626
6,5,0.38812336391224944
12,4,0.8778676727707196
12,5,0.8195497964390129
4,9,0.37692802953709137
4,5,0.4928982564922143
9,3,0.08644890098662306
9,7,0.6876339237753132
3,10,0.41738857756689407
3,0,0.5322931362809461
10,7,0.8992658924187593
10,11,0.29628048498961523
0,2,0.0786755855404101
0,13,0.0972433524854367
2,8,0.44162789613128317
2,1,0.6467795729875359
8,1,0.5885347294115864
7,13,0.5368169984165473
13,11,0.45579049979563646
1,11,0.3964816536694865
