4,6,0.7411643762947437
4,11,0.5596556630311613
4,13,0.5547695194833336
6,8,0.8414921984087523
6,2,0.12066260487671299
3,10,0.13507449204503386
3,9,0.30140887910897807
3,12,0.6646646721517141
10,12,0.1691348477394503
10,0,0.022820183023457785
5,16,0.24550192491587142
5,0,0.08691665984723018
5,12,0.23649517150713806
16,7,0.16643769562899013
16,1,0.28998365058989495
9,14,0.30232149335665526
9,15,0.521018529303002
14,13,0.7619647622703776
14,17,0.2687862989532791
0,1,0.9464326984879293
11,17,0.7618877039823481
11,15,0.0017640192375677488
17,8,0.09800647965754794
2,8,0.054083169923892505
2,7,0.3278577857478009
13,15,0.33081857388279057
7,1,0.939501915539602
